  0.45708677E+04 0.12883183E+01 0.20479965E-04 -.12439489E-07 -.98235906E-13                                                                           
  0.45708184E+04 0.12882137E+01 0.21785259E-04 -.13531446E-07 0.17624349E-12                                                                           
  0.45715396E+04 0.12881187E+01 0.21450329E-04 -.13150334E-07 0.87283554E-13                                                                           
  0.45715093E+04 0.12880324E+01 0.22141838E-04 -.13724685E-07 0.23912637E-12                                                                           
  0.45716670E+04 0.12879552E+01 0.22617816E-04 -.13884425E-07 0.23558735E-12                                                                           
  0.45719292E+04 0.12878866E+01 0.23099614E-04 -.14235615E-07 0.32264740E-12                                                                           
  0.45722422E+04 0.12878267E+01 0.23511027E-04 -.14639378E-07 0.44986606E-12                                                                           
  0.45723501E+04 0.12877754E+01 0.23981856E-04 -.14807701E-07 0.44915826E-12                                                                           
  0.45727891E+04 0.12877322E+01 0.23967266E-04 -.14646649E-07 0.38757921E-12                                                                           
  0.45732896E+04 0.12876973E+01 0.23798370E-04 -.14459252E-07 0.35744162E-12                                                                           
  0.45733364E+04 0.12876705E+01 0.24862098E-04 -.15432239E-07 0.61016529E-12                                                                           
  0.45735562E+04 0.12876515E+01 0.25341797E-04 -.15570880E-07 0.60312448E-12                                                                           
  0.45738584E+04 0.12876405E+01 0.25185680E-04 -.15415072E-07 0.57976692E-12                                                                           
  0.45739785E+04 0.12876370E+01 0.26123809E-04 -.16173720E-07 0.75675550E-12                                                                           
  0.45741260E+04 0.12876409E+01 0.26498223E-04 -.16466975E-07 0.83535907E-12                                                                           
  0.45746836E+04 0.12876520E+01 0.25799656E-04 -.15704751E-07 0.62845649E-12                                                                           
  0.45749121E+04 0.12876705E+01 0.26236152E-04 -.16121030E-07 0.74848531E-12                                                                           
  0.45748633E+04 0.12876960E+01 0.26885891E-04 -.16615868E-07 0.85916371E-12                                                                           
  0.45752051E+04 0.12877284E+01 0.26189042E-04 -.15751004E-07 0.59816984E-12                                                                           
  0.45752051E+04 0.12877675E+01 0.27150440E-04 -.16748309E-07 0.88904052E-12                                                                           
  0.45752671E+04 0.12878133E+01 0.27721977E-04 -.17249704E-07 0.10160730E-11                                                                           
  0.45757861E+04 0.12878656E+01 0.27093411E-04 -.16459822E-07 0.77702103E-12                                                                           
  0.45759214E+04 0.12879243E+01 0.27096081E-04 -.16451954E-07 0.78141687E-12                                                                           
  0.45760459E+04 0.12879890E+01 0.27935219E-04 -.17240405E-07 0.98668036E-12                                                                           
  0.45762266E+04 0.12880599E+01 0.28005887E-04 -.17225981E-07 0.97025187E-12                                                                           
  0.45762134E+04 0.12881366E+01 0.28077031E-04 -.17224789E-07 0.96574430E-12                                                                           
  0.45763975E+04 0.12882191E+01 0.28638935E-04 -.17804862E-07 0.11274963E-11                                                                           
  0.45769238E+04 0.12883072E+01 0.27290058E-04 -.16304135E-07 0.69804492E-12                                                                           
  0.45768643E+04 0.12884009E+01 0.28060245E-04 -.17141343E-07 0.94413756E-12                                                                           
  0.45771440E+04 0.12884997E+01 0.28121662E-04 -.17203092E-07 0.96585598E-12                                                                           
  0.45773696E+04 0.12886039E+01 0.27596760E-04 -.16595363E-07 0.78942625E-12                                                                           
  0.45772612E+04 0.12887130E+01 0.28743840E-04 -.17663480E-07 0.10612607E-11                                                                           
  0.45776914E+04 0.12888269E+01 0.28595257E-04 -.17488956E-07 0.10188297E-11                                                                           
  0.45776094E+04 0.12889460E+01 0.29147053E-04 -.17926574E-07 0.11136756E-11                                                                           
  0.45777695E+04 0.12890694E+01 0.28762435E-04 -.17583490E-07 0.10307506E-11                                                                           
  0.45778564E+04 0.12891972E+01 0.29487801E-04 -.18324018E-07 0.12383238E-11                                                                           
  0.45779937E+04 0.12893295E+01 0.28994655E-04 -.17760993E-07 0.10671094E-11                                                                           
  0.45783237E+04 0.12894659E+01 0.28157710E-04 -.16956687E-07 0.86121263E-12                                                                           
  0.45782227E+04 0.12896066E+01 0.29313851E-04 -.18131376E-07 0.11823698E-11                                                                           
  0.45783784E+04 0.12897508E+01 0.28863240E-04 -.17615079E-07 0.10246784E-11                                                                           
  0.45786523E+04 0.12898990E+01 0.28515815E-04 -.17309189E-07 0.95363702E-12                                                                           
  0.45785981E+04 0.12900507E+01 0.29340554E-04 -.18160105E-07 0.11877716E-11                                                                           
  0.45788535E+04 0.12902060E+01 0.28512097E-04 -.17296076E-07 0.94152984E-12                                                                           
  0.45788062E+04 0.12903646E+01 0.28886223E-04 -.17692209E-07 0.10515377E-11                                                                           
  0.45789082E+04 0.12905265E+01 0.29342842E-04 -.18194317E-07 0.11945516E-11                                                                           
  0.45791934E+04 0.12906911E+01 0.28443146E-04 -.17321945E-07 0.96380716E-12                                                                           
  0.45790762E+04 0.12908589E+01 0.29054547E-04 -.17856598E-07 0.10879338E-11                                                                           
  0.45791553E+04 0.12910293E+01 0.29366016E-04 -.18276571E-07 0.12195855E-11                                                                           
  0.45793428E+04 0.12912024E+01 0.28746987E-04 -.17712473E-07 0.10818988E-11                                                                           
  0.45793340E+04 0.12913780E+01 0.29076480E-04 -.18090248E-07 0.11809170E-11                                                                           
  0.45796597E+04 0.12915559E+01 0.27721691E-04 -.16699671E-07 0.80287459E-12                                                                           
  0.45796274E+04 0.12917360E+01 0.28306675E-04 -.17302989E-07 0.96172094E-12                                                                           
  0.45794844E+04 0.12919182E+01 0.29023839E-04 -.18125176E-07 0.12021139E-11                                                                           
  0.45797100E+04 0.12921022E+01 0.28517150E-04 -.17639637E-07 0.10680407E-11                                                                           
  0.45800830E+04 0.12922881E+01 0.27865983E-04 -.16943336E-07 0.88043510E-12                                                                           
  0.45799463E+04 0.12924755E+01 0.28579521E-04 -.17734170E-07 0.11013821E-11                                                                           
  0.45799951E+04 0.12926643E+01 0.28929901E-04 -.18176317E-07 0.12345612E-11                                                                           
  0.45803149E+04 0.12928544E+01 0.27331353E-04 -.16480445E-07 0.74721875E-12                                                                           
  0.45801216E+04 0.12930458E+01 0.28386783E-04 -.17596006E-07 0.10521710E-11                                                                           
  0.45804033E+04 0.12932384E+01 0.27168751E-04 -.16438127E-07 0.75198712E-12                                                                           
  0.45802168E+04 0.12934316E+01 0.28144932E-04 -.17487883E-07 0.10415539E-11                                                                           
  0.45804209E+04 0.12936258E+01 0.27412034E-04 -.16794800E-07 0.86084010E-12                                                                           
  0.45804355E+04 0.12938205E+01 0.27648259E-04 -.17099142E-07 0.95229597E-12                                                                           
  0.45804268E+04 0.12940156E+01 0.28002549E-04 -.17571210E-07 0.10953471E-11                                                                           
  0.45806934E+04 0.12942113E+01 0.26859474E-04 -.16494869E-07 0.81513079E-12                                                                           
  0.45804531E+04 0.12944070E+01 0.27853011E-04 -.17421126E-07 0.10332092E-11                                                                           
  0.45806567E+04 0.12946028E+01 0.26957703E-04 -.16594409E-07 0.82392247E-12                                                                           
  0.45807251E+04 0.12947984E+01 0.26545906E-04 -.16153813E-07 0.68642200E-12                                                                           
  0.45807969E+04 0.12949938E+01 0.26363277E-04 -.16062021E-07 0.68098305E-12                                                                           
  0.45807427E+04 0.12951888E+01 0.26802540E-04 -.16644478E-07 0.86247920E-12                                                                           
  0.45807212E+04 0.12953833E+01 0.26841926E-04 -.16676188E-07 0.85946170E-12                                                                           
  0.45808647E+04 0.12955770E+01 0.26296329E-04 -.16258001E-07 0.76200813E-12                                                                           
  0.45808418E+04 0.12957702E+01 0.26229573E-04 -.16134740E-07 0.70862473E-12                                                                           
  0.45810483E+04 0.12959621E+01 0.25522899E-04 -.15594720E-07 0.59369951E-12                                                                           
  0.45809414E+04 0.12961533E+01 0.25990581E-04 -.16077756E-07 0.71890654E-12                                                                           
  0.45810405E+04 0.12963428E+01 0.25455856E-04 -.15652656E-07 0.62286856E-12                                                                           
  0.45811104E+04 0.12965313E+01 0.25574589E-04 -.15729904E-07 0.62648205E-12                                                                           
  0.45811255E+04 0.12967180E+01 0.25557803E-04 -.15824556E-07 0.66593291E-12                                                                           
  0.45810410E+04 0.12969033E+01 0.26105785E-04 -.16411901E-07 0.83185732E-12                                                                           
  0.45809609E+04 0.12970864E+01 0.26198579E-04 -.16649246E-07 0.92338767E-12                                                                           
  0.45812222E+04 0.12972679E+01 0.24906922E-04 -.15267611E-07 0.51409007E-12                                                                           
  0.45812974E+04 0.12974472E+01 0.24394321E-04 -.14764190E-07 0.37532301E-12                                                                           
  0.45812822E+04 0.12976242E+01 0.24624920E-04 -.15152096E-07 0.50485131E-12                                                                           
  0.45812812E+04 0.12977989E+01 0.24484920E-04 -.15067696E-07 0.48749150E-12                                                                           
  0.45811084E+04 0.12979709E+01 0.25274563E-04 -.16058326E-07 0.79561027E-12                                                                           
  0.45811685E+04 0.12981404E+01 0.25052834E-04 -.15863776E-07 0.74271112E-12                                                                           
  0.45813076E+04 0.12983069E+01 0.24124527E-04 -.14960527E-07 0.49453231E-12                                                                           
  0.45811382E+04 0.12984706E+01 0.25012016E-04 -.15924931E-07 0.76159836E-12                                                                           
  0.45815034E+04 0.12986312E+01 0.23263074E-04 -.14122605E-07 0.25395303E-12                                                                           
  0.45812261E+04 0.12987884E+01 0.24327946E-04 -.15232802E-07 0.55242329E-12                                                                           
  0.45815845E+04 0.12989426E+01 0.22673703E-04 -.13667464E-07 0.14927239E-12                                                                           
  0.45813584E+04 0.12990929E+01 0.23714447E-04 -.14761567E-07 0.44785440E-12                                                                           
  0.45814521E+04 0.12992396E+01 0.23231316E-04 -.14344931E-07 0.34831464E-12                                                                           
  0.45814424E+04 0.12993826E+01 0.22744465E-04 -.13838768E-07 0.19386410E-12                                                                           
  0.45813223E+04 0.12995214E+01 0.23485280E-04 -.14709711E-07 0.45727940E-12                                                                           
  0.45814219E+04 0.12996564E+01 0.22921944E-04 -.14151573E-07 0.30033289E-12                                                                           
  0.45813096E+04 0.12997869E+01 0.23576546E-04 -.14732957E-07 0.43042005E-12                                                                           
  0.45812988E+04 0.12999132E+01 0.23683548E-04 -.15034079E-07 0.55037436E-12                                                                           
  0.45813589E+04 0.13000349E+01 0.22917842E-04 -.14147401E-07 0.27526169E-12                                                                           
  0.45814121E+04 0.13001519E+01 0.23066521E-04 -.14437318E-07 0.38061291E-12                                                                           
  0.45814395E+04 0.13002642E+01 0.22881031E-04 -.14278650E-07 0.34116208E-12                                                                           
  0.00000000E+00 0.00000000E+00 0.00000000E+00 0.00000000E+00 0.00000000E+00                                                                           
  0.45817217E+04 0.13004736E+01 0.21837044E-04 -.13319611E-07 0.91865656E-13                                                                           
  0.45815161E+04 0.13005704E+01 0.22141076E-04 -.13609648E-07 0.16693026E-12                                                                           
  0.45816758E+04 0.13006619E+01 0.21819496E-04 -.13401389E-07 0.12349338E-12                                                                           
  0.45814976E+04 0.13007481E+01 0.21929454E-04 -.13452888E-07 0.12706965E-12                                                                           
  0.45815986E+04 0.13008283E+01 0.22052192E-04 -.13770342E-07 0.25264919E-12                                                                           
  0.45816792E+04 0.13009027E+01 0.21582604E-04 -.13245821E-07 0.90561808E-13                                                                           
  0.45815859E+04 0.13009714E+01 0.21705819E-04 -.13359189E-07 0.11742116E-12                                                                           
  0.45816851E+04 0.13010337E+01 0.21725369E-04 -.13459801E-07 0.16000122E-12                                                                           
  0.45815430E+04 0.13010899E+01 0.21976757E-04 -.13684988E-07 0.21602959E-12                                                                           
  0.45815684E+04 0.13011398E+01 0.21697140E-04 -.13443946E-07 0.15269964E-12                                                                           
  0.45815742E+04 0.13011831E+01 0.21896172E-04 -.13647437E-07 0.20887702E-12                                                                           
  0.45816577E+04 0.13012197E+01 0.21253109E-04 -.12965798E-07 0.84191560E-14                                                                           
  0.45813271E+04 0.13012494E+01 0.22022914E-04 -.13768076E-07 0.24233014E-12                                                                           
  0.45815054E+04 0.13012722E+01 0.21367454E-04 -.13063311E-07 0.32372773E-13                                                                           
  0.45814219E+04 0.13012880E+01 0.21838188E-04 -.13575673E-07 0.18384308E-12                                                                           
  0.45815698E+04 0.13012965E+01 0.21857262E-04 -.13568402E-07 0.17412006E-12                                                                           
  0.45816323E+04 0.13012975E+01 0.21683598E-04 -.13341666E-07 0.10285526E-12                                                                           
  0.45814141E+04 0.13012910E+01 0.22753335E-04 -.14441848E-07 0.40967018E-12                                                                           
  0.45814077E+04 0.13012769E+01 0.21977234E-04 -.13684630E-07 0.21390616E-12                                                                           
  0.45813325E+04 0.13012551E+01 0.22268390E-04 -.13941765E-07 0.27757137E-12                                                                           
  0.45815513E+04 0.13012252E+01 0.22033310E-04 -.13701081E-07 0.21260232E-12                                                                           
